1 G1000 广州南 武汉北 20211226 10 24 20211229 15 30 -1 30 30 90 31 59  0
2 G1000 广州南 武汉北 20220108 10 24 20211229 15 30 30 30 30 90  0 90  0
3 G1000 广州南 武汉北 20220109 10 24 20211229 15 30 30 30 30 90  0 90  0
4 G1000 广州南 武汉北 20220110 10 24 20211229 15 30 30 30 30 90  0 90  0
5 G1000 广州南 武汉北 20220112 10 24 20211229 15 30 30 30 30 90  0 90  0
6 G1000 广州南 武汉北 20220119 10 24 20211229 15 30 30 30 30 90  0 90  0
7 G1001 广州南 北京西 20220208 13 14 20211227 23 15 30 30 30 90  0 90  0
8 G1001 哈尔滨 武汉东 20220108 13 12 20211227 23 30 30 30 30 90  0 90  0
9 G1001 哈尔滨 武汉东 20220108 13 12 20211227 23 30 30 30 30 90  0 90  0
10 G1001 哈尔滨 武汉东 20220108 13 12 20211227 23 30 30 30 30 90  0 90  0
11 G1001 哈尔滨 武汉东 20220108 13 12 20211227 23 30 30 30 30 90  0 90  0
12 G1001 哈尔滨 武汉东 20220108 13 12 20211227 23 30 30 30 30 90  0 90  0
13 G1001 哈尔滨 武汉东 20220117 13 12 20211227 23 30 30 30 30 90  0 90  0
14 G1001 哈尔滨 武汉东 20220108 13 12 20211227 23 30 30 30 30 90  0 90  0
15 G1001 哈尔滨 武汉东 20220114 13 12 20211227 23 30 30 30 30 90  0 90  0
16 G1001 北京站 成都站 20220114 13 12 20211227 23 30 30 30 30 90  0 90  0
17 G1001 北京站 成都站 20220114 13 12 20211227 23 30 30 30 30 90  0 90  0
18 G1001 北京站 成都站 20220114 13 12 20211227 23 30 30 30 30 90  0 90  0
19 G1001 北京站 成都站 20220114 13 12 20211227 23 30 30 30 30 90  0 90  0
20 G1001 北京站 成都站 20220114 13 12 20211227 23 30 30 30 30 90  0 90  0
21 G1002 天津站 成都站 20220114 13 12 20211227 23 30 30 30 30 90  0 90  0
22 G1002 天津站 成都站 20220114 13 12 20211227 23 30 30 30 30 90  0 90  0
23 G1002 天津站 成都站 20220114 13 12 20211227 23 30 30 30 30 90  0 90  0
24 G1002 天津站 成都站 20220114 13 12 20211227 23 30 30 30 30 90  0 90  0
25 G1002 天津站 成都站 20220114 13 12 20211227 23 30 30 30 30 90  0 90  0
26 G1002 天津站 成都站 20220114 13 12 20211227 23 30 30 30 30 90  0 90  0
27 G1002 天津站 成都站 20220114 13 12 20211227 23 30 30 30 30 90  0 90  0
28 G1002 天津站 成都站 20220114 13 12 20211227 23 30 30 30 30 90  0 90  0
29 G1003 湛江站 重庆站 20220114 13 12 20211227 23 30 30 30 30 90  0 90  0
30 G1003 湛江站 重庆站 20220114 13 12 20211227 23 30 30 30 30 90  0 90  0
31 G1003 湛江站 重庆站 20220114 13 12 20211227 23 30 30 30 30 90  0 90  0
32 G1003 湛江站 重庆站 20220114 13 12 20211227 23 30 30 30 30 90  0 90  0
33 G1003 湛江站 重庆站 20220114 13 12 20211227 23 30 30 30 30 90  0 90  0
34 G1003 湛江站 重庆站 20220114 13 12 20211227 23 30 30 30 30 90  0 90  0
35 G1003 湛江站 重庆站 20220114 13 12 20211227 23 30 30 30 30 90  0 90  0
36 G1003 湛江站 重庆站 20220114 13 12 20211227 23 30 30 30 30 90  0 90  0
37 G1003 湛江站 重庆站 20220114 13 12 20211227 23 30 30 30 30 90  0 90  0
38 G1003 湛江站 重庆站 20220114 13 12 20211227 23 30 30 30 30 90  0 90  0
39 G1003 湛江站 重庆站 20220114 13 12 20211227 23 30 30 30 30 90  0 90  0
40 G1003 湛江站 重庆站 20220114 13 12 20211227 23 30 30 30 30 90  0 90  0
41 G1004 湖南站 湖北站 20220114 13 12 20211227 23 30 30 30 30 90  0 90  0
42 G1004 湖南站 湖北站 20220114 13 12 20211227 23 30 30 30 30 90  0 90  0
43 G1004 湖南站 湖北站 20220114 13 12 20211227 23 30 30 30 30 90  0 90  0
44 G1004 湖南站 湖北站 20220114 13 12 20211227 23 30 30 30 30 90  0 90  0
45 G1004 湖南站 湖北站 20220114 13 12 20211227 23 30 30 30 30 90  0 90  0
46 G1004 湖南站 湖北站 20220114 13 12 20211227 23 30 30 30 30 90  0 90  0
47 G1004 湖南站 湖北站 20220114 13 12 20211227 23 30 30 30 30 90  0 90  0
48 G1004 湖南站 湖北站 20220114 13 12 20211227 23 30 30 30 30 90  0 90  0
49 G1004 湖南站 湖北站 20220114 13 12 20211227 23 30 30 30 30 90  0 90  0
50 G1004 湖南站 湖北站 20220114 13 12 20211227 23 30 30 30 30 90  0 90  0
